   7       0 loop0 0 0 0 0 0 0 0 0 0 0 0
   7       1 loop1 0 0 0 0 0 0 0 0 0 0 0
   7       2 loop2 0 0 0 0 0 0 0 0 0 0 0
   7       3 loop3 0 0 0 0 0 0 0 0 0 0 0
   7       4 loop4 0 0 0 0 0 0 0 0 0 0 0
   7       5 loop5 0 0 0 0 0 0 0 0 0 0 0
   7       6 loop6 0 0 0 0 0 0 0 0 0 0 0
   7       7 loop7 0 0 0 0 0 0 0 0 0 0 0
   8       0 sda 69825 2058 3563212 25984 148238 89724 5278074 206000 0 73636 231940
   8       1 sda1 50 0 4160 8 0 0 0 0 0 8 8
   8       2 sda2 3688 0 130938 692 21 6 216 0 0 672 692
   8       3 sda3 48 0 4144 24 0 0 0 0 0 24 24
   8       4 sda4 434 731 10880 68 3 0 10 0 0 40 68
   8       5 sda5 65465 1327 3404362 25160 116621 89718 5277848 196492 0 63632 221608
   8       6 sda6 72 0 5432 20 0 0 0 0 0 20 20
   8      16 sdb 1247 1504 53861 22140 5 0 1 0 0 4500 22140
   8      17 sdb1 52 0 4176 1120 0 0 0 0 0 988 1120
   8      18 sdb2 48 0 4144 2488 0 0 0 0 0 1884 2488
   8      19 sdb3 629 1504 6291 1964 1 0 1 0 0 1144 1964
   8      20 sdb4 46 0 4128 1172 0 0 0 0 0 1056 1172
   8      21 sdb5 184 0 13936 2648 0 0 0 0 0 2556 2648
   8      22 sdb6 48 0 4144 3060 0 0 0 0 0 2920 3060
   8      23 sdb7 48 0 4210 3204 0 0 0 0 0 3084 3204
   8      24 sdb8 48 0 4144 2528 0 0 0 0 0 2412 2528
   8      25 sdb9 50 0 4160 3144 0 0 0 0 0 2976 3144
  11       0 sr0 0 0 0 0 0 0 0 0 0 0 0
